10001011
00011111
00000011
11101001
11010001
00000000
00101111
11101100
10010001
00000000
00010111
11101011
10001011
00011111
00001001
01101011
10010001
00000000
11100111
11110101
11001000
01011111
01111111
11101100
11101011
00001011
00010001
00111111
01010100
00000000
00000000
11000110
11111000
00000000
00000011
11110101
11010010
00010101
01111110
10110101
10010001
00000000
00010101
00101001
11001000
00001110
01111111
11110101
10110101
11111111
11111111
00101110
11001000
00001110
01111111
11110101
00000000
00000000
00000000
00000000
00000000
00000000
00000000
00000000
