10010001
00001100
00000011
11110101
10010001
00000000
01010011
11110011
10010100
00000000
00000000
00000010
11111000
00001111
11110010
10110011
00010101
11111111
11111111
11111111
10101010
00011111
00000011
11110001
10010001
00000000
00000111
11110010
10010001
00000000
00000011
11101001
11010001
00000000
01100011
10011100
11111000
00000001
00000011
10011110
11111000
00000000
10000011
10010001
11111000
00000000
00000011
10010010
11101011
00010011
00000001
00101010
10110101
00000000
00000001
00001010
10101010
00011111
00000011
11100110
10010001
00000000
00000111
11100101
10010001
00000000
00000101
00100010
11111000
00000000
00000010
10000110
11111000
00000000
10000010
10000101
10010001
00000000
01100011
10011100
11010110
00011111
00000011
11011111
10001011
00010010
00000010
00110000
10101010
00010010
00000011
11110001
10101010
00010000
00000011
11110010
10010001
00000000
00000101
00101001
10010111
11111111
11111111
11101111
11111000
01000000
00000011
10010010
11111000
01000000
10000011
10010001
11111000
01000001
00000011
10011110
10010001
00000000
01100011
10011100
10001011
00010001
00000010
01000111
11010011
01111111
00001100
01000010
10001011
00000010
00000010
10001100
11111000
00000000
00000001
10000111
11010001
00000000
00000100
01000010
11010110
00011111
00000011
11011111
