11111000
01000000
10000011
11101010
11111000
01000001
00000011
11101011
11111000
01000000
00000011
11101101
10110100
00000000
00000001
10001011
10001011
00001010
00000011
11101001
11001011
00001001
00000001
01101100
10110100
00000000
00000000
10101100
10001010
00001101
00000001
10001100
10110100
00000000
00000000
10001100
11001011
00001011
00000001
00101001
00010111
11111111
11111111
11111011
11001011
00001011
00000001
00101001
10001011
00001011
00000011
11101010
10001011
00001001
00000011
11101011
00010111
11111111
11111111
11110101
11111000
00000000
00000011
11101010