11111000
01000000
00000011
11101001
11010010
10000000
00000001
01001010
11010010
10000000
01111111
11001101
11010010
10000000
01111111
11101110
10011010
11001010
00001101
00101011
10011011
00001010
01111101
01101100
11001011
00001100
00000001
00101100
11111000
00000000
00000001
10101100
10101010
00000000
00000001
01101001
10110101
11111111
11111111
01101001
11111000
00000000
00000001
11001010
00000000
00000000
00000000
00000000
00000000
00000000
00000000
00000000
00000000
00000000
00000000
00000000
00000000
00000000
00000000
00000000
00000000
00000000
00000000
00000000
00000000
00000000
00000000
00000000
00000000
00000000
00000000
00000000
00000000
00000000
00000000
00000000
00000000
00000000
00000000
00000000
00000000
00000000
00000000
00000000
00000000
00000000
00000000
00000000
00000000
00000000
00000000
00000000
00000000
00000000
00000000
00000000
00000000
00000000
00000000
00000000
00000000
00000000
00000000
00000000
00000000
00000000
00000000
00000000
00000000
00000000
00000000
00000000
00000000
00000000
00000000
00000000
00000000
00000000
00000000
00000000
00000000
00000000
00000000
00000000
00000000
00000000
00000000
00000000
